std_yawdd	std_a	rmse(0)	rmse(1)	rmse(2)	rmse(3)	NIS_radar	NIS_lidar
0.1	0.2	0.187729	0.159713	0.194193	0.181316	0.9	0.87
0.1	0.3	0.178304	0.159643	0.198104	0.182112	0.93	0.89
0.1	0.4	0.176182	0.159798	0.218127	0.184788	0.95	0.91
0.1	0.5	0.176159	0.159981	0.24174	0.188069	0.95	0.92
0.1	0.6	0.176771	0.160154	0.264942	0.191494	0.93	0.9
0.1	0.7	0.177563	0.160307	0.286253	0.194823	0.93	0.89
0.1	0.8	0.178371	0.16044	0.305196	0.197947	0.94	0.91
0.1	0.9	0.179132	0.160556	0.321738	0.200822	0.94	0.9
0.1	1	0.179821	0.160653	0.336043	0.203407	0.94	0.89
0.1	1.1	0.180431	0.160741	0.348354	0.20572	0.94	0.9
0.1	1.2	0.180969	0.160814	0.358935	0.207774	0.94	0.9
0.1	1.3	0.181439	0.160878	0.368037	0.20959	0.95	0.9
0.1	1.4	0.181851	0.160934	0.375882	0.211194	0.95	0.89
0.1	1.5	0.182211	0.160983	0.382664	0.212611	0.95	0.89
0.1	1.6	0.182526	0.161025	0.388546	0.213862	0.95	0.89
0.1	1.7	0.182802	0.161063	0.393667	0.214969	0.95	0.89
0.1	1.8	0.183046	0.161095	0.398144	0.21595	0.95	0.89
0.1	1.9	0.18326	0.161124	0.402073	0.216823	0.95	0.89
0.1	2	0.18345	0.16115	0.405535	0.217599	0.95	0.89
0.1	2.1	0.183619	0.161173	0.408597	0.218293	0.95	0.89
0.1	2.2	0.18377	0.161193	0.411316	0.218915	0.95	0.89
0.1	2.3	0.183905	0.161212	0.41374	0.219473	0.95	0.89
0.1	2.4	0.184025	0.161228	0.415907	0.219976	0.95	0.88
0.1	2.5	0.184134	0.161243	0.417851	0.22043	0.95	0.88
0.1	2.6	0.184232	0.161256	0.419601	0.220841	0.95	0.88
0.1	2.7	0.184321	0.161268	0.421182	0.221214	0.95	0.87
0.1	2.8	0.184401	0.161279	0.422613	0.221553	0.95	0.87
0.1	2.9	0.184474	0.161289	0.423913	0.221862	0.95	0.87
0.1	3	0.184541	0.161298	0.425094	0.222145	0.95	0.87
0.1	3.1	0.184602	0.161307	0.426175	0.222404	0.95	0.87
0.1	3.2	0.184658	0.161314	0.427163	0.222642	0.94	0.86
0.1	3.3	0.184709	0.161321	0.42807	0.222861	0.94	0.85
0.1	3.4	0.184756	0.161328	0.428904	0.223062	0.94	0.85
0.1	3.5	0.1848	0.161334	0.429673	0.223249	0.94	0.84
0.1	3.6	0.18484	0.161339	0.430382	0.223421	0.94	0.84
0.1	3.7	0.184878	0.161344	0.431038	0.223581	0.94	0.84
0.1	3.8	0.184912	0.161349	0.431645	0.223729	0.94	0.83
0.1	3.9	0.184944	0.161354	0.43221	0.223867	0.94	0.83
0.1	4	0.184974	0.161358	0.432734	0.223996	0.94	0.83
0.1	4.1	0.184836	0.163791	0.432918	0.229387	0.94	0.83
0.1	4.2	0.184864	0.163666	0.433376	0.229313	0.94	0.83
0.1	4.3	0.184891	0.163546	0.433803	0.229232	0.94	0.83
0.1	4.4	0.184917	0.163429	0.434201	0.229146	0.94	0.83
0.1	4.5	0.184941	0.163316	0.434574	0.229056	0.94	0.82
0.1	4.6	0.185085	0.168157	0.435815	0.231469	0.95	0.82
0.1	4.7	0.185199	0.165662	0.436363	0.230976	0.95	0.82
0.1	4.8	0.185218	0.165477	0.43667	0.230819	0.95	0.82
0.1	4.9	0.185236	0.1653	0.436957	0.230664	0.95	0.82
0.1	5	0.184892	0.17116	0.438274	0.238887	0.95	0.83
0.1	5.1	0.184212	0.174434	0.431564	0.234875	0.95	0.81
0.2	0.2	0.186551	0.165794	0.204342	0.241551	0.9	0.84
0.2	0.3	0.179876	0.165593	0.204631	0.238705	0.91	0.89
0.2	0.4	0.1787	0.165631	0.222681	0.23928	0.95	0.89
0.2	0.5	0.178816	0.165792	0.245346	0.241821	0.96	0.87
0.2	0.6	0.179395	0.165947	0.268429	0.244636	0.95	0.86
0.2	0.7	0.180104	0.166085	0.290157	0.247482	0.95	0.86
0.2	0.8	0.180821	0.166207	0.309815	0.250225	0.96	0.85
0.2	0.9	0.181494	0.166315	0.327207	0.252796	0.96	0.84
0.2	1	0.182107	0.16641	0.342399	0.255151	0.96	0.84
0.2	1.1	0.182655	0.166493	0.355577	0.257294	0.96	0.84
0.2	1.2	0.183141	0.166567	0.366971	0.259213	0.96	0.84
0.2	1.3	0.183568	0.166631	0.376821	0.260931	0.96	0.84
0.2	1.4	0.183944	0.166688	0.385342	0.262463	0.96	0.84
0.2	1.5	0.184274	0.166738	0.392731	0.263831	0.96	0.83
0.2	1.6	0.184565	0.166782	0.399158	0.265048	0.96	0.83
0.2	1.7	0.184821	0.166821	0.404768	0.266142	0.96	0.83
0.2	1.8	0.185049	0.166855	0.409685	0.267119	0.96	0.83
0.2	1.9	0.185249	0.166886	0.413999	0.267976	0.96	0.82
0.2	2	0.185427	0.166914	0.41781	0.268752	0.96	0.83
0.2	2.1	0.185586	0.166938	0.421184	0.269448	0.96	0.83
0.2	2.2	0.185728	0.16696	0.424185	0.270074	0.96	0.83
0.2	2.3	0.185855	0.16698	0.426862	0.270638	0.96	0.83
0.2	2.4	0.18597	0.166998	0.429258	0.271149	0.96	0.82
0.2	2.5	0.186073	0.167014	0.431411	0.271612	0.96	0.82
0.2	2.6	0.186166	0.167029	0.433349	0.272031	0.96	0.82
0.2	2.7	0.186251	0.167042	0.435101	0.272413	0.96	0.82
0.2	2.8	0.186327	0.167054	0.436689	0.272762	0.96	0.82
0.2	2.9	0.186397	0.167065	0.438133	0.273081	0.96	0.82
0.2	3	0.186461	0.167075	0.43945	0.273377	0.96	0.82
0.2	3.1	0.18652	0.167084	0.440651	0.273645	0.96	0.82
0.2	3.2	0.186574	0.167093	0.44175	0.273891	0.96	0.82
0.2	3.3	0.186623	0.167101	0.44276	0.274116	0.96	0.82
0.2	3.4	0.186668	0.167108	0.443688	0.274326	0.96	0.81
0.2	3.5	0.18671	0.167115	0.444544	0.27452	0.96	0.81
0.3	0.2	0.192161	0.168069	0.219234	0.293763	0.88	0.83
0.3	0.3	0.186484	0.168068	0.211937	0.288356	0.91	0.84
0.3	0.4	0.184736	0.168342	0.223708	0.289732	0.93	0.82
0.3	0.5	0.184332	0.168554	0.242283	0.29137	0.93	0.82
0.3	0.6	0.184433	0.168708	0.263081	0.293116	0.93	0.83
0.3	0.7	0.18474	0.168826	0.283871	0.295168	0.93	0.83
0.3	0.8	0.185128	0.168927	0.303526	0.29748	0.93	0.82
0.3	0.9	0.185535	0.169017	0.321515	0.299912	0.94	0.81
0.3	1	0.185933	0.1691	0.33768	0.302298	0.95	0.81
0.3	1.1	0.186308	0.169177	0.352041	0.304538	0.95	0.81
0.4	0.2	0.199215	0.16934	0.242406	0.345216	0.87	0.82
0.4	0.3	0.193351	0.169668	0.227281	0.346136	0.89	0.84
0.4	0.4	0.191143	0.170107	0.232372	0.351087	0.91	0.86
0.4	0.5	0.190244	0.170383	0.245664	0.354856	0.9	0.85
0.4	0.6	0.189917	0.170542	0.262882	0.355553	0.91	0.85
0.4	0.7	0.189863	0.170624	0.28167	0.35543	0.92	0.84
0.4	0.8	0.189942	0.170665	0.300395	0.357098	0.92	0.83
0.4	0.9	0.190085	0.170707	0.318247	0.360869	0.93	0.83
0.4	1	0.190269	0.170765	0.334844	0.365156	0.93	0.82
0.4	1.1	0.190477	0.170834	0.350013	0.369144	0.93	0.82
0.4	1.2	0.19069	0.170904	0.36375	0.3727	0.93	0.81
0.5	0.3	0.198462	0.170724	0.253486	0.412296	0.89	0.86
0.5	0.4	0.196152	0.170459	0.249471	0.419432	0.91	0.87
0.5	0.5	0.19496	0.170605	0.258709	0.428657	0.9	0.85
0.5	0.6	0.194375	0.170641	0.27243	0.433233	0.91	0.85
0.5	0.7	0.194752	0.192305	0.319115	0.404494	0.86	0.84
