------------------------------------------------------------------------------------------------------------------
px	py	v	yaw_angle	yaw_rate	px_measured	py_measured	px_true	py_true	vx_true	vy_true	NIS
0.001	0.001	0	0	0	0	0	0	0	0	0	0
0.447976	-0.446598	0	0	0	0	0	0	0	0	0	1.12229
1.5549	-0.146714	1.64838	-1.38778e-17	2.77556e-17	1.55945	-0.138501	2.09897	0.0522228	2.19595	0.109339	0.337185
1.63741	0.0361767	2.16068	-0.00218818	0.00119756	1.81209	0.0474826	2.09897	0.0522228	2.19595	0.109339	2.80301
3.88769	-0.129889	3.43248	-0.174083	0.00317552	3.89093	-0.134166	4.29136	0.215312	2.28434	0.226323	0.168468
3.95527	0.199011	2.46005	0.16832	-0.0220812	4.19528	0.218461	4.29136	0.215312	2.28434	0.226323	6.10844
6.85808	0.417935	4.34125	-0.0232592	-0.165534	6.86352	0.416817	6.56942	0.496096	2.36382	0.348847	0.276173
6.75282	0.495458	2.77018	0.113909	-0.0534654	6.43926	0.472879	6.56942	0.496096	2.36382	0.348847	2.79371
9.07771	0.594003	2.60689	0.0329535	-0.0699626	9.07733	0.593211	8.92437	0.89924	2.43359	0.474526	0.00328353
9.02682	0.890824	2.59295	0.220203	0.0417786	8.89749	0.886982	8.92437	0.89924	2.43359	0.474526	4.40663
11.5749	1.6624	3.15786	0.371378	0.113441	11.5756	1.6669	11.3468	1.427	2.49328	0.600781	0.0518923
11.5565	1.45427	2.61692	0.249579	0.051856	11.4447	1.42958	11.3468	1.427	2.49328	0.600781	2.45338
13.5947	2.30685	2.18807	0.436665	0.141538	13.5921	2.31191	13.827	2.07905	2.5429	0.724947	0.0660126
13.6642	2.02338	2.53303	0.24373	-0.00386387	13.6572	1.99915	13.827	2.07905	2.5429	0.724947	4.39031
16.642	2.90022	4.02443	0.298162	0.0339245	16.6456	2.903	16.3554	2.85243	2.58284	0.844365	0.152102
16.5265	2.88917	3.02387	0.327227	0.0865156	16.282	2.84648	16.3554	2.85243	2.58284	0.844365	2.45733
19.0102	3.70885	2.75925	0.315913	0.0229187	19.0106	3.70555	18.923	3.74161	2.61382	0.95648	0.0302956
19.0594	3.79802	2.63516	0.351205	0.051103	19.363	3.87122	18.923	3.74161	2.61382	0.95648	1.67305
21.3311	4.73184	2.72487	0.406178	0.0536208	21.3312	4.73205	21.5215	4.73855	2.63679	1.05891	0.000565509
21.3981	4.70659	2.89887	0.375131	0.0308635	21.6213	4.74762	21.5215	4.73855	2.63679	1.05891	0.821605
24.0759	5.57409	3.22446	0.2587	-0.0646748	24.0787	5.56967	24.1437	5.83295	2.65286	1.14953	0.0665497
24.1328	5.77285	3.21009	0.350225	-0.00360252	24.5601	5.92334	24.1437	5.83295	2.65286	1.14953	4.63627
26.6078	6.95722	2.8391	0.486544	0.0870522	26.6052	6.96102	26.7833	7.01246	2.6632	1.22647	0.0612134
26.6073	6.92678	3.0898	0.46494	0.0648273	26.5419	6.90075	26.7833	7.01246	2.6632	1.22647	0.175347
29.5811	8.09377	3.78876	0.299485	-0.0855955	29.5864	8.08789	29.4352	8.26299	2.66893	1.28822	0.181926
29.5132	8.20551	3.19261	0.360914	-0.0410117	29.4716	8.24519	29.4352	8.26299	2.66893	1.28822	1.52682
31.9464	9.86853	3.07092	0.720498	0.217236	31.9416	9.88017	32.0955	9.56901	2.67105	1.33358	0.423349
31.9612	9.64985	2.98018	0.606414	0.142681	31.7928	9.49891	32.0955	9.56901	2.67105	1.33358	3.56602
34.6059	10.7113	3.10687	0.274225	-0.166341	34.6157	10.6988	34.7608	10.9139	2.67035	1.3617	0.663079
34.6669	10.8207	3.12354	0.302635	-0.150114	35.0599	10.9953	34.7608	10.9139	2.67035	1.3617	3.0243
37.1442	12.0776	2.92273	0.52279	0.0843147	37.1404	12.0883	37.4287	12.2803	2.66736	1.37209	0.349417
37.2048	12.1592	3.17173	0.550502	0.0989046	37.4973	12.2943	37.4287	12.2803	2.66736	1.37209	1.70846
40.3203	13.475	4.03855	0.288027	-0.135972	40.3285	13.4666	40.0971	13.6505	2.66232	1.36459	0.410641
40.1793	13.5922	3.15276	0.349678	-0.10335	39.9009	13.6243	40.0971	13.6505	2.66232	1.36459	3.86959
42.7689	14.8227	3.11393	0.473865	0.0427534	42.7664	14.8294	42.7638	15.0065	2.65515	1.33938	0.135768
42.7093	14.9261	3.22487	0.531203	0.0763103	42.5714	14.9817	42.7638	15.0065	2.65515	1.33938	1.32883
45.3558	16.5531	3.54237	0.565641	0.049307	45.3572	16.5524	45.4265	16.3307	2.64546	1.29701	0.0115192
45.4177	16.5051	3.2656	0.531252	0.040167	45.649	16.5213	45.4265	16.3307	2.64546	1.29701	1.13733
48.1488	17.2936	2.93013	0.167057	-0.217865	48.1541	17.2835	48.0823	17.6063	2.6326	1.23832	0.432369
48.0748	17.4215	2.85131	0.236191	-0.176095	47.9331	17.5349	48.0823	17.6063	2.6326	1.23832	2.11325
50.6266	19.0487	3.36414	0.774888	0.27907	50.6228	19.0721	50.7276	18.8172	2.61569	1.16454	1.35989
50.632	18.9406	3.19154	0.732011	0.264383	50.5737	18.7834	50.7276	18.8172	2.61569	1.16454	1.30576
53.7079	19.9179	3.14755	0.137651	-0.288406	53.7268	19.8982	53.3577	19.9486	2.59372	1.07716	2.21029
53.6648	19.9023	2.90892	0.130713	-0.305194	53.5277	19.862	53.3577	19.9486	2.59372	1.07716	0.382136
56.0358	21.0691	2.58029	0.537004	0.147101	56.0322	21.0923	55.9669	20.9874	2.56561	0.978022	1.36953
56.0123	21.049	2.74709	0.505202	0.118897	55.867	20.985	55.9669	20.9874	2.56561	0.978022	0.391073
58.654	21.7963	3.10338	0.146581	-0.185759	58.6632	21.7821	58.5484	21.9225	2.53033	0.869205	0.620588
58.6218	21.8646	2.96413	0.179834	-0.171288	58.5799	21.9815	58.5484	21.9225	2.53033	0.869205	0.7263
60.8759	22.7751	2.39884	0.418708	0.0890755	60.8722	22.7876	61.0941	22.7449	2.48697	0.753031	0.465578
60.8718	22.7366	2.70087	0.3794	0.0596865	60.7648	22.6398	61.0941	22.7449	2.48697	0.753031	0.483977
63.3784	23.4141	2.95109	0.205718	-0.087663	63.3821	23.4069	63.5955	23.4479	2.43482	0.631987	0.142531
63.4295	23.4981	2.66147	0.223832	-0.0878653	63.7478	23.7442	63.5955	23.4479	2.43482	0.631987	2.6399
66.3375	23.9955	3.6859	0.125736	-0.0941873	66.3403	23.9959	66.0431	24.0276	2.37349	0.508655	0.0692261
66.2072	23.9844	2.55437	0.119648	-0.147888	65.8838	23.9541	66.0431	24.0276	2.37349	0.508655	3.16775
68.2637	24.3513	2.18551	0.185559	-0.0155926	68.262	24.3582	68.4273	24.4824	2.30293	0.385623	0.121402
68.3527	24.4157	2.56775	0.216204	0.00909213	68.6759	24.6059	68.4273	24.4824	2.30293	0.385623	2.22723
70.8262	24.8849	2.97516	0.197915	-0.0076309	70.8275	24.8844	70.7384	24.8137	2.22347	0.265395	0.0125812
70.7976	24.8188	2.40468	0.154799	-0.0474428	70.7403	24.6728	70.7384	24.8137	2.22347	0.265395	0.936925
72.8918	24.7213	2.18511	-0.110072	-0.181785	72.8923	24.7135	72.9675	25.025	2.13584	0.150292	0.119096
72.9233	24.8056	2.33401	-0.0551709	-0.143172	73.0732	25.0343	72.9675	25.025	2.13584	0.150292	1.41616
75.0007	25.2423	2.31055	0.297675	0.159733	75.0021	25.2595	75.1062	25.1224	2.04114	0.0423626	0.618385
74.9872	25.2143	2.13926	0.281562	0.149991	74.9748	25.1377	75.1062	25.1224	2.04114	0.0423626	0.199533
77.1145	24.957	2.17951	-0.309621	-0.297661	77.1225	24.9297	77.1475	25.1137	1.9408	-0.0566978	1.26026
77.1065	25.0388	2.02307	-0.275465	-0.298452	77.1386	25.2948	77.1475	25.1137	1.9408	-0.0566978	1.42333
79.1001	25.0113	2.27625	0.0368781	0.0779891	79.1089	25.0369	79.0861	25.0086	1.83649	-0.145607	1.11321
79.0889	25.0004	2.01692	0.00225067	0.0358674	79.1718	24.9698	79.0861	25.0086	1.83649	-0.145607	0.378995
80.8079	24.8717	1.87515	-0.0373754	-0.00890221	80.8074	24.8688	80.9183	24.8178	1.73008	-0.223536	0.0145193
80.86	24.8607	1.71308	-0.0622744	-0.0423903	81.1423	24.8704	80.9183	24.8178	1.73008	-0.223536	1.18865
82.6203	24.6397	2.19926	-0.115823	-0.048927	82.6216	24.6393	82.6423	24.5525	1.6235	-0.29012	0.0153089
82.5663	24.6714	1.77979	-0.133524	-0.103357	82.5085	24.8114	82.6423	24.5525	1.6235	-0.29012	0.883124
84.1717	24.5422	1.90042	-0.0331514	0.0152422	84.1733	24.5504	84.2584	24.2245	1.51869	-0.345444	0.100186
84.1818	24.4882	1.7576	-0.0914523	-0.03466	84.2898	24.3312	84.2584	24.2245	1.51869	-0.345444	0.759311
85.6397	23.8226	1.642	-0.49167	-0.24704	85.6378	23.808	85.7688	23.8451	1.41749	-0.390006	0.296631
85.7126	23.8061	1.83906	-0.487633	-0.232939	85.9743	23.7547	85.7688	23.8451	1.41749	-0.390006	1.09268
86.9372	23.5095	1.10433	-0.266711	0.0311201	86.9449	23.527	87.1776	23.4252	1.32159	-0.424654	0.571531
87.0726	23.5036	1.33604	-0.225854	0.0544398	87.6171	23.5127	87.1776	23.4252	1.32159	-0.424654	4.16206
88.8224	22.8008	2.61553	-0.444988	-0.10367	88.8227	22.7869	88.4904	22.9745	1.23248	-0.450514	0.267074
88.7063	22.811	2.11884	-0.604749	-0.299175	88.4191	22.9498	88.4904	22.9745	1.23248	-0.450514	2.37954
89.4941	22.2964	0.299319	-0.632359	-0.145559	89.4967	22.3082	89.7145	22.5017	1.15138	-0.468904	0.412179
89.597	22.3115	0.955467	-0.556217	-0.0874713	89.7821	22.4826	89.7145	22.5017	1.15138	-0.468904	2.54384
90.5115	21.6676	1.49141	-0.633534	-0.0815108	90.5133	21.6677	90.858	22.0141	1.07929	-0.481241	0.0186125
90.5661	21.7518	1.48416	-0.502078	-0.0133547	90.8419	22.0974	90.858	22.0141	1.07929	-0.481241	2.79541
91.7145	21.11	1.55325	-0.390115	0.0535205	91.7178	21.1152	91.9302	21.5174	1.01698	-0.488964	0.0432474
91.7482	21.1959	1.2974	-0.416673	-0.0104407	92.0492	21.5289	91.9302	21.5174	1.01698	-0.488964	3.08554
92.8524	20.9379	1.34613	-0.105614	0.171494	92.8599	20.9537	92.9411	21.016	0.964993	-0.493443	0.254719
92.9069	20.9643	1.12844	-0.0979546	0.149728	93.3186	21.0712	92.9411	21.016	0.964993	-0.493443	2.62325
93.474	20.2607	0.289677	-0.771334	-0.303256	93.4668	20.2155	93.9011	20.513	0.92369	-0.495919	1.46621
93.5781	20.3242	1.01424	-0.607993	-0.1685	93.7423	20.5071	93.9011	20.513	0.92369	-0.495919	2.75455
95.2941	19.6269	2.95013	-0.0509657	0.222394	95.3229	19.6585	94.8209	20.01	0.893308	-0.497439	1.29337
95.0397	19.6887	1.50175	-0.26201	-0.000497825	94.494	19.8854	94.8209	20.01	0.893308	-0.497439	10.3803
95.506	19.6908	-0.000677409	-0.0405614	0.115694	95.5039	19.6984	95.7116	19.5078	0.87398	-0.498816	0.218794
95.5703	19.6605	0.679922	-0.0568849	0.107654	95.6097	19.5804	95.7116	19.5078	0.87398	-0.498816	1.17094
96.2672	19.2297	0.969159	-0.769466	-0.333704	96.2641	19.1597	96.5842	19.0065	0.865773	-0.500589	1.5301
96.342	19.1798	1.24917	-0.766252	-0.291933	96.559	18.8688	96.5842	19.0065	0.865773	-0.500589	2.17556
97.5229	17.8584	2.69609	-0.926391	-0.224236	97.5286	18.727	97.45	18.506	0.868716	-0.503009	0.23379
97.5181	18.1374	2.36453	-0.712037	-0.114806	97.5333	18.1735	97.45	18.506	0.868716	-0.503009	0.130449
98.2082	18.3607	-0.451997	-0.369078	0.112188	98.2105	18.3739	98.3198	18.0049	0.882805	-0.506023	0.961646
98.2744	18.3005	0.763262	-0.488558	0.00155112	98.4162	18.1556	98.3198	18.0049	0.882805	-0.506023	1.98228
99.0671	17.4211	1.72921	-1.25947	-0.449152	99.0363	17.357	99.2049	17.503	0.908006	-0.509278	1.62547
99.0875	17.4525	1.80716	-0.899051	-0.0981074	98.9782	17.2949	99.2049	17.503	0.908006	-0.509278	1.28997
100.019	16.2626	2.20098	-0.938877	-0.076862	99.9969	16.9882	100.117	17.0001	0.944242	-0.512134	1.16343
100.08	16.8621	1.32552	-0.603462	0.124905	100.441	16.9521	100.117	17.0001	0.944242	-0.512134	2.34586
101.193	16.5218	1.39102	-0.168565	0.301067	101.204	16.5368	101.065	16.497	0.991362	-0.513687	0.303898
101.17	16.5076	1.10345	-0.178496	0.288531	101.169	16.4353	101.065	16.497	0.991362	-0.513687	0.226727
102.384	16.3945	1.70284	0.198908	0.336602	102.387	16.3992	102.063	15.9949	1.04911	-0.512803	0.0403013
102.293	16.2953	1.21572	0.0283445	0.244961	102.081	15.8359	102.063	15.9949	1.04911	-0.512803	3.94769
103.003	15.4069	0.642833	-1.00825	-0.403929	103.003	15.353	103.119	15.4967	1.11708	-0.508169	2.66285
102.992	15.3871	1.37109	-0.772282	-0.173034	102.776	15.1195	103.119	15.4967	1.11708	-0.508169	3.1926
104.111	14.3014	2.16432	-0.782366	-0.0830178	104.114	15.2708	104.244	15.0064	1.19469	-0.498349	0.334436
104.068	14.7152	1.66429	-0.474197	0.105778	103.905	14.7607	104.244	15.0064	1.19469	-0.498349	0.666771
105.534	14.4299	1.93507	0.0144108	0.30255	105.541	14.4412	105.447	14.5293	1.28111	-0.481861	0.332394
105.473	14.356	1.41032	-0.0537124	0.268816	105.316	14.0026	105.447	14.5293	1.28111	-0.481861	2.2105
106.831	14.0634	1.73406	-0.165316	0.0636404	106.831	14.0482	106.737	14.0724	1.37529	-0.457255	0.234871
106.751	14.092	1.53325	-0.143003	0.0733483	106.439	14.2401	106.737	14.0724	1.37529	-0.457255	1.60354
108.085	13.6683	1.60149	-0.266685	-0.034196	108.084	13.6604	108.122	13.644	1.47592	-0.423202	0.0771042
108.098	13.6722	1.67826	-0.256716	-0.0242031	108.131	13.6844	108.122	13.644	1.47592	-0.423202	0.0297281
109.531	13.5601	1.67107	0.0222715	0.148839	109.534	13.5714	109.606	13.2536	1.58144	-0.378583	0.189972
109.497	13.4928	1.56373	-0.04063	0.111923	109.388	13.1556	109.606	13.2536	1.58144	-0.378583	1.46513
111.064	12.6181	1.91922	-0.777048	-0.372529	111.063	12.5814	111.196	12.9118	1.69008	-0.322574	1.46769
111.148	12.687	2.28376	-0.642857	-0.24725	111.426	12.9557	111.196	12.9118	1.69008	-0.322574	2.20727
112.896	12.4634	1.37621	-0.147863	0.187985	112.913	12.4877	112.893	12.6299	1.7999	-0.254723	1.73233
112.908	12.5032	1.74474	-0.0964726	0.225419	112.797	12.8241	112.893	12.6299	1.7999	-0.254723	1.59768
114.799	12.5465	2.43347	0.216389	0.27732	114.801	12.5506	114.699	12.4195	1.90891	-0.175007	0.0492965
114.796	12.5145	2.00259	0.18136	0.26467	114.916	12.3187	114.699	12.4195	1.90891	-0.175007	0.888888
116.682	12.1297	2.03361	-0.294697	-0.165483	116.687	12.1035	116.611	12.2921	2.01507	-0.0838683	1.18991
116.727	12.1258	2.29679	-0.272171	-0.137568	116.871	12.0659	116.611	12.2921	2.01507	-0.0838683	0.404188
118.947	11.9862	2.61863	0.0301354	0.128459	118.953	12.0009	118.628	12.2586	2.11648	0.0177712	0.481597
118.914	12.0504	2.26546	0.0768278	0.154475	118.85	12.4063	118.628	12.2586	2.11648	0.0177712	1.40373
120.696	12.2925	1.85458	0.218038	0.146465	120.695	12.2918	120.743	12.3289	2.21139	0.128528	0.0116128
120.753	12.28	2.20448	0.208444	0.137643	120.934	12.1905	120.743	12.3289	2.21139	0.128528	0.648703
123.562	12.8338	3.92443	0.200262	0.0494494	123.568	12.8297	122.95	12.5114	2.29835	0.246599	0.242845
123.432	12.8187	2.66738	0.189681	0.0704133	123.142	12.7694	122.95	12.5114	2.29835	0.246599	3.35226
124.897	12.7822	0.960661	0.00490238	-0.0817473	124.894	12.7743	125.242	12.8125	2.37624	0.369827	0.3327
125.034	12.8227	2.48632	0.06052	-0.0394281	125.376	12.9964	125.242	12.8125	2.37624	0.369827	4.17988
127.85	13.3188	3.64717	0.268173	0.111465	127.853	13.3273	127.609	13.2365	2.44434	0.495787	0.230491
127.758	13.2986	2.79886	0.292145	0.151064	127.506	13.153	127.609	13.2365	2.44434	0.495787	1.81684
129.946	13.7041	2.27956	0.177307	-0.0114797	129.947	13.6963	130.042	13.7853	2.50232	0.621879	0.185591
130.026	13.7174	2.47603	0.173004	-0.0144622	130.334	13.781	130.042	13.7853	2.50232	0.621879	1.39176
132.094	14.4981	2.36604	0.424034	0.148703	132.092	14.507	132.53	14.458	2.55028	0.74543	0.168116
132.172	14.4808	2.76315	0.393093	0.116931	132.447	14.3423	132.53	14.458	2.55028	0.74543	1.28695
135.066	15.0584	3.6204	0.0743576	-0.148954	135.074	15.0475	135.066	15.2513	2.58865	0.863795	0.513709
135.044	14.9972	2.83592	0.01296	-0.198056	135.127	14.6575	135.066	15.2513	2.58865	0.863795	1.75898
137.561	16.1895	2.71904	0.639275	0.309481	137.561	16.2147	137.639	16.1592	2.61821	0.974442	1.60469
137.596	16.2202	3.27069	0.602142	0.250418	137.653	16.5145	137.639	16.1592	2.61821	0.974442	0.904872
140.322	17.0229	2.72741	0.234857	-0.139431	140.331	17.008	140.242	17.1733	2.63994	1.07503	1.07972
140.331	17.0848	2.9477	0.25513	-0.128887	140.305	17.5379	140.242	17.1733	2.63994	1.07503	1.36297
142.89	17.9859	2.9935	0.328022	-0.00301213	142.888	17.9918	142.868	18.2829	2.65497	1.16346	0.0990025
142.842	18	2.97957	0.339376	0.00175299	142.626	18.1458	142.868	18.2829	2.65497	1.16346	0.703732
145.393	19.1588	3.15368	0.440073	0.0634191	145.392	19.1617	145.51	19.4754	2.66445	1.23795	0.0262712
145.468	19.1869	3.17692	0.446161	0.0753797	145.789	19.3785	145.51	19.4754	2.66445	1.23795	1.73598
148.248	20.4776	3.59614	0.410938	0.0066694	148.251	20.4754	148.163	20.7364	2.66951	1.29702	0.0440572
148.213	20.519	3.11166	0.464121	0.0730929	148.146	20.9376	148.163	20.7364	2.66951	1.29702	1.37311
150.686	22.1124	3.34832	0.601535	0.112958	150.686	22.1142	150.825	22.0502	2.67111	1.33953	0.0135442
150.678	22.0826	3.37502	0.583359	0.0936457	150.649	21.8148	150.825	22.0502	2.67111	1.33953	0.427004
153.418	23.4964	3.42727	0.417006	-0.0677731	153.422	23.4909	153.491	23.3999	2.66999	1.3647	0.187869
153.404	23.4355	3.06737	0.428159	-0.0397876	153.466	22.9115	153.491	23.3999	2.66999	1.3647	1.61802
156.047	24.8064	3.42144	0.455587	0.00233181	156.047	24.8084	156.159	24.7682	2.66666	1.37208	0.0191424
156.025	24.8287	2.98209	0.498042	0.0601226	156.009	25.0678	156.159	24.7682	2.66666	1.37208	0.5748
158.899	26.0361	3.81122	0.314463	-0.0920165	158.905	26.0308	158.827	26.1372	2.66127	1.36157	0.208067
158.898	26.0433	3.2903	0.336616	-0.05377	159.014	26.1903	158.827	26.1372	2.66127	1.36157	0.800429
161.415	27.4199	2.99443	0.522666	0.0946103	161.412	27.4256	161.493	27.4891	2.65371	1.33344	0.146353
161.444	27.4594	3.01283	0.53855	0.107305	161.529	27.8454	161.493	27.4891	2.65371	1.33344	0.911549
163.624	28.7714	2.71119	0.531732	0.0360406	163.625	28.7683	164.155	28.8064	2.64354	1.28825	0.0380751
163.736	28.8295	3.04963	0.520135	0.0205102	164.116	29.315	164.155	28.8064	2.64354	1.28825	3.74495
166.821	30.2103	4.27883	0.315977	-0.118544	166.828	30.2062	166.809	30.0721	2.63006	1.22694	0.238011
166.752	30.1518	3.16267	0.347149	-0.0563114	166.748	29.7121	166.809	30.0721	2.63006	1.22694	2.75813
169.1	31.3672	2.70015	0.478837	0.0603365	169.097	31.3717	169.452	31.2706	2.61238	1.15075	0.102506
169.14	31.3193	2.9419	0.442307	0.0293441	169.345	30.7063	169.452	31.2706	2.61238	1.15075	1.84248
172.169	32.3461	3.99633	0.218467	-0.128622	172.175	32.3404	172.079	32.3873	2.58945	1.06126	0.242783
172.134	32.3562	3.09814	0.224932	-0.118589	172.135	32.6666	172.079	32.3873	2.58945	1.06126	1.57376
174.646	33.453	2.8767	0.455869	0.0973441	174.643	33.4625	174.685	33.4095	2.56021	0.960341	0.295175
174.623	33.4846	2.81877	0.476304	0.110878	174.474	33.9157	174.685	33.4095	2.56021	0.960341	0.831333
177.025	34.2108	2.7286	0.226451	-0.114351	177.03	34.2009	177.261	34.3262	2.52363	0.850119	0.331151
177.047	34.1854	2.62042	0.204532	-0.127709	177.211	33.8467	177.261	34.3262	2.52363	0.850119	0.633055
180.143	35.133	4.20876	0.347635	0.0389619	180.145	35.1423	179.799	35.1289	2.47883	0.732949	0.337611
179.998	35.147	2.86021	0.438061	0.137212	179.543	35.4767	179.799	35.1289	2.47883	0.732949	4.50632
182.594	35.764	2.98573	0.155293	-0.121028	182.599	35.753	182.292	35.8114	2.42515	0.611338	0.433876
182.492	35.7813	2.5705	0.173776	-0.112532	182.047	36.2626	182.292	35.8114	2.42515	0.611338	2.87455
184.733	36.5058	2.60798	0.351856	0.0667503	184.732	36.5155	184.73	36.37	2.36226	0.487877	0.203212
184.735	36.4834	2.34169	0.351717	0.07346	184.833	36.1451	184.73	36.37	2.36226	0.487877	0.498276
186.942	36.9499	2.62886	0.135132	-0.104003	186.946	36.9404	187.103	36.804	2.29017	0.365145	0.211632
187.002	36.955	2.5425	0.113714	-0.120219	187.296	36.9375	187.103	36.804	2.29017	0.365145	1.14246
189.465	37.3989	2.97308	0.187541	-0.00282311	189.465	37.4052	189.401	37.1147	2.20928	0.245623	0.0986135
189.486	37.3743	2.39458	0.191709	0.000580854	189.738	36.951	189.401	37.1147	2.20928	0.245623	1.41739
191.734	37.5682	2.59059	0.0368387	-0.0938096	191.735	37.5631	191.615	37.3064	2.12037	0.131591	0.058609
191.703	37.5339	2.26527	0.0119889	-0.115661	191.682	37.1147	191.615	37.3064	2.12037	0.131591	0.772002
193.473	37.2818	1.79887	-0.185048	-0.164833	193.471	37.2789	193.738	37.3853	2.02462	0.0250452	0.029932
193.506	37.297	2.14595	-0.171838	-0.14102	193.555	37.4234	193.738	37.3853	2.02462	0.0250452	0.290102
195.985	37.3828	3.22492	0.178693	0.151711	195.991	37.3991	195.762	37.3598	1.92349	-0.072386	0.643489
195.841	37.3879	2.12536	0.204859	0.17133	195.507	37.4891	195.762	37.3598	1.92349	-0.072386	3.70634
197.723	37.7336	2.18893	0.233108	0.086689	197.725	37.7285	197.683	37.2395	1.81869	-0.159495	0.0448346
197.68	37.7023	1.97513	0.212683	0.0749561	197.582	37.303	197.683	37.2395	1.81869	-0.159495	0.854941
199.29	37.3101	1.4858	-0.341225	-0.297331	199.294	37.2862	199.497	37.0353	1.71212	-0.235529	0.906413
199.315	37.3221	1.80696	-0.305573	-0.255985	199.356	37.3527	199.497	37.0353	1.71212	-0.235529	0.187772
201.539	36.9789	3.09869	-0.070054	0.0356326	201.549	36.9973	201.203	36.7587	1.6057	-0.300201	0.704948
201.36	36.9942	2.03052	-0.139138	-0.0847787	200.932	37.4694	201.203	36.7587	1.6057	-0.300201	5.53948
202.964	36.46	1.8261	-0.320245	-0.140201	202.962	36.4568	202.801	36.4212	1.50137	-0.353671	0.0232477
202.911	36.4958	1.56453	-0.319269	-0.158037	202.65	37.2445	202.801	36.4212	1.50137	-0.353671	2.01788
203.989	36.1874	1.11987	-0.260753	-0.0328137	203.991	36.1967	204.294	36.0343	1.40095	-0.396497	0.122058
203.998	36.186	1.50182	-0.220089	0.0204116	203.809	36.2941	204.294	36.0343	1.40095	-0.396497	0.954405
